12,4044
1024,2048,5120,2048,4096
272,316,2000,316,2000,272
792,1156,4094,1092,824
896,1092,920,224,824,1092,56
56,964,1124,1172,776,156,228,12
512,6656,7168
1008,3084,4098
4098,3084,1008
288,288,192,2040,192,288,288
128,128,128,2032,128,128,128
1,13,14
128,128,128,128,128,128
12,12
2,28,96,384,3584,4096
496,520,1028,1028,520,496
516,516,2044,4,4
780,1044,1060,1092,908
792,1028,1156,1156,888
96,160,288,548,2044,36
2008,1156,1156,1156,1144
504,580,1156,1156,1156,632
1792,1024,1148,1408,1536
824,1220,1092,1092,1220,824
972,1060,1060,1060,1096,1008
396,396
1,397,398
128,320,544,1040,2056
288,288,288,288,288,288
2056,1040,544,320,128
1792,2048,2060,2156,2176,1792
496,520,1268,1300,1508,1044,568,480
4,28,100,928,1056,928,100,28,4
1028,2044,1092,1092,1092,1092,1220,824
496,520,1028,1028,1028,1028,1032,1808
1028,2044,1028,1028,1028,1028,520,792,224
1028,2044,1092,1092,1092,1252,1548
1028,2044,1092,1088,1088,1248,1024,512
496,520,1028,1028,1028,1028,1060,1848,32
1028,2044,1092,64,64,64,1092,2044,1028
1028,2044,1028
3,1,1025,2046,1024
1028,2044,1092,128,1344,1568,1044,1036,4
1028,2044,1028,4,4,4,12
1028,2044,1796,192,56,12,240,1796,2044,1028
1028,2044,1540,384,64,48,1032,2044,1024
496,520,1028,1028,1028,1028,1028,520,496
1028,2044,1092,1088,1088,1088,896
496,520,1044,1044,1044,1036,1030,522,498
1028,2044,1156,1152,1216,1200,780,4
780,1156,1092,1092,1592
1536,1024,1024,1028,2044,1028,1024,1024,1536
1024,2032,1032,4,4,4,1032,2032,1024
1024,1792,1216,56,4,56,1216,1792,1024
1024,1920,112,12,112,1920,1472,48,12,112,1920,1024
1028,1548,1300,160,64,160,1300,1548,1028
1024,1536,1280,132,124,132,1280,1536,1024
516,1036,1076,1092,1412,1540,1036
8190,4098,4098
1024,1696,1444,252,1444,1696,1024
4098,4098,8190
2048,4096,2048
1,1,1,1
4096,2048
88,164,164,124,4
1024,2044,132,132,132,120
120,132,132,132,200
120,132,132,1156,2044,4
120,164,164,164,104
132,1020,1156,1152,1536
110,149,149,229,130
1028,2044,68,128,132,124,4
132,1276,4
1,129,1278
1028,2044,20,176,204,132
1028,2044,4
132,252,132,132,252,132,132,124,4
132,252,68,128,132,124,4
120,132,132,132,120
129,255,133,132,132,120
120,132,132,133,255,1
132,252,68,128,128
76,164,148,200
128,1016,132,132
128,248,4,4,132,252,4
128,224,152,4,152,224,128
128,240,12,240,12,240,128
132,204,52,176,204,132
128,225,30,152,224,128
196,140,180,196,140
128,3964,4098
16383
4098,3964,128
4096,8192,8192,4096,2048,2048,4096